t,Cumulative_Probability
0.000000,0.000000
0.010000,0.004988
0.020000,0.009950
0.030000,0.014888
0.040000,0.019801
0.050000,0.024690
0.060000,0.029554
0.070000,0.034395
0.080000,0.039211
0.090000,0.044003
0.100000,0.048771
0.110000,0.053515
0.120000,0.058235
0.130000,0.062933
0.140000,0.067606
0.150000,0.072257
0.160000,0.076884
0.170000,0.081488
0.180000,0.086069
0.190000,0.090627
0.200000,0.095163
0.210000,0.099675
0.220000,0.104166
0.230000,0.108634
0.240000,0.113080
0.250000,0.117503
0.260000,0.121905
0.270000,0.126284
0.280000,0.130642
0.290000,0.134978
0.300000,0.139292
0.310000,0.143585
0.320000,0.147856
0.330000,0.152106
0.340000,0.156335
0.350000,0.160543
0.360000,0.164730
0.370000,0.168896
0.380000,0.173041
0.390000,0.177165
0.400000,0.181269
0.410000,0.185353
0.420000,0.189416
0.430000,0.193459
0.440000,0.197481
0.450000,0.201484
0.460000,0.205466
0.470000,0.209429
0.480000,0.213372
0.490000,0.217295
0.500000,0.221199
0.510000,0.225084
0.520000,0.228948
0.530000,0.232794
0.540000,0.236621
0.550000,0.240428
0.560000,0.244216
0.570000,0.247986
0.580000,0.251736
0.590000,0.255468
0.600000,0.259182
0.610000,0.262877
0.620000,0.266553
0.630000,0.270211
0.640000,0.273851
0.650000,0.277473
0.660000,0.281076
0.670000,0.284662
0.680000,0.288230
0.690000,0.291780
0.700000,0.295312
0.710000,0.298827
0.720000,0.302324
0.730000,0.305803
0.740000,0.309266
0.750000,0.312711
0.760000,0.316139
0.770000,0.319549
0.780000,0.322943
0.790000,0.326320
0.800000,0.329680
0.810000,0.333023
0.820000,0.336350
0.830000,0.339660
0.840000,0.342953
0.850000,0.346230
0.860000,0.349491
0.870000,0.352735
0.880000,0.355964
0.890000,0.359176
0.900000,0.362372
0.910000,0.365552
0.920000,0.368716
0.930000,0.371865
0.940000,0.374998
0.950000,0.378115
0.960000,0.381217
0.970000,0.384303
0.980000,0.387374
0.990000,0.390429
1.000000,0.393469
1.010000,0.396494
1.020000,0.399504
1.030000,0.402499
1.040000,0.405479
1.050000,0.408445
1.060000,0.411395
1.070000,0.414331
1.080000,0.417252
1.090000,0.420158
1.100000,0.423050
1.110000,0.425928
1.120000,0.428791
1.130000,0.431640
1.140000,0.434475
1.150000,0.437295
1.160000,0.440102
1.170000,0.442894
1.180000,0.445673
1.190000,0.448437
1.200000,0.451188
1.210000,0.453926
1.220000,0.456649
1.230000,0.459359
1.240000,0.462056
1.250000,0.464739
1.260000,0.467408
1.270000,0.470065
1.280000,0.472708
1.290000,0.475337
1.300000,0.477954
1.310000,0.480558
1.320000,0.483149
1.330000,0.485726
1.340000,0.488291
1.350000,0.490844
1.360000,0.493383
1.370000,0.495910
1.380000,0.498424
1.390000,0.500926
1.400000,0.503415
1.410000,0.505891
1.420000,0.508356
1.430000,0.510808
1.440000,0.513248
1.450000,0.515675
1.460000,0.518091
1.470000,0.520495
1.480000,0.522886
1.490000,0.525266
1.500000,0.527633
1.510000,0.529989
1.520000,0.532334
1.530000,0.534666
1.540000,0.536987
1.550000,0.539296
1.560000,0.541594
1.570000,0.543880
1.580000,0.546155
1.590000,0.548419
1.600000,0.550671
1.610000,0.552912
1.620000,0.555142
1.630000,0.557361
1.640000,0.559568
1.650000,0.561765
1.660000,0.563951
1.670000,0.566126
1.680000,0.568289
1.690000,0.570443
1.700000,0.572585
1.710000,0.574717
1.720000,0.576838
1.730000,0.578948
1.740000,0.581048
1.750000,0.583138
1.760000,0.585217
1.770000,0.587286
1.780000,0.589344
1.790000,0.591392
1.800000,0.593430
1.810000,0.595458
1.820000,0.597476
1.830000,0.599483
1.840000,0.601481
1.850000,0.603469
1.860000,0.605446
1.870000,0.607414
1.880000,0.609372
1.890000,0.611320
1.900000,0.613259
1.910000,0.615188
1.920000,0.617107
1.930000,0.619017
1.940000,0.620917
1.950000,0.622808
1.960000,0.624689
1.970000,0.626561
1.980000,0.628423
1.990000,0.630277
2.000000,0.632121
2.010000,0.633955
2.020000,0.635781
2.030000,0.637598
2.040000,0.639405
2.050000,0.641204
2.060000,0.642993
2.070000,0.644774
2.080000,0.646545
2.090000,0.648308
2.100000,0.650062
2.110000,0.651808
2.120000,0.653544
2.130000,0.655272
2.140000,0.656991
2.150000,0.658702
2.160000,0.660404
2.170000,0.662098
2.180000,0.663784
2.190000,0.665460
2.200000,0.667129
2.210000,0.668789
2.220000,0.670441
2.230000,0.672085
2.240000,0.673720
2.250000,0.675348
2.260000,0.676967
2.270000,0.678578
2.280000,0.680181
2.290000,0.681776
2.300000,0.683363
2.310000,0.684942
2.320000,0.686514
2.330000,0.688077
2.340000,0.689633
2.350000,0.691181
2.360000,0.692721
2.370000,0.694254
2.380000,0.695779
2.390000,0.697296
2.400000,0.698806
2.410000,0.700308
2.420000,0.701803
2.430000,0.703290
2.440000,0.704770
2.450000,0.706242
2.460000,0.707707
2.470000,0.709165
2.480000,0.710616
2.490000,0.712059
2.500000,0.713495
2.510000,0.714924
2.520000,0.716346
2.530000,0.717761
2.540000,0.719168
2.550000,0.720569
2.560000,0.721963
2.570000,0.723349
2.580000,0.724729
2.590000,0.726102
2.600000,0.727468
2.610000,0.728827
2.620000,0.730180
2.630000,0.731526
2.640000,0.732865
2.650000,0.734197
2.660000,0.735523
2.670000,0.736842
2.680000,0.738154
2.690000,0.739460
2.700000,0.740760
2.710000,0.742053
2.720000,0.743339
2.730000,0.744619
2.740000,0.745893
2.750000,0.747160
2.760000,0.748421
2.770000,0.749676
2.780000,0.750925
2.790000,0.752167
2.800000,0.753403
2.810000,0.754633
2.820000,0.755857
2.830000,0.757074
2.840000,0.758286
2.850000,0.759492
2.860000,0.760691
2.870000,0.761885
2.880000,0.763072
2.890000,0.764254
2.900000,0.765430
2.910000,0.766600
2.920000,0.767764
2.930000,0.768922
2.940000,0.770075
2.950000,0.771221
2.960000,0.772362
2.970000,0.773498
2.980000,0.774627
2.990000,0.775751
3.000000,0.776870
3.010000,0.777983
3.020000,0.779090
3.030000,0.780192
3.040000,0.781288
3.050000,0.782379
3.060000,0.783464
3.070000,0.784544
3.080000,0.785619
3.090000,0.786688
3.100000,0.787752
3.110000,0.788811
3.120000,0.789864
3.130000,0.790912
3.140000,0.791955
3.150000,0.792992
3.160000,0.794025
3.170000,0.795052
3.180000,0.796074
3.190000,0.797091
3.200000,0.798103
3.210000,0.799110
3.220000,0.800112
3.230000,0.801109
3.240000,0.802101
3.250000,0.803088
3.260000,0.804070
3.270000,0.805048
3.280000,0.806020
3.290000,0.806987
3.300000,0.807950
3.310000,0.808908
3.320000,0.809861
3.330000,0.810809
3.340000,0.811753
3.350000,0.812692
3.360000,0.813626
3.370000,0.814556
3.380000,0.815480
3.390000,0.816401
3.400000,0.817316
3.410000,0.818228
3.420000,0.819134
3.430000,0.820036
3.440000,0.820934
3.450000,0.821827
3.460000,0.822716
3.470000,0.823600
3.480000,0.824480
3.490000,0.825355
3.500000,0.826226
3.510000,0.827093
3.520000,0.827955
3.530000,0.828813
3.540000,0.829667
3.550000,0.830517
3.560000,0.831362
3.570000,0.832203
3.580000,0.833040
3.590000,0.833873
3.600000,0.834701
3.610000,0.835526
3.620000,0.836346
3.630000,0.837162
3.640000,0.837974
3.650000,0.838782
3.660000,0.839586
3.670000,0.840386
3.680000,0.841183
3.690000,0.841975
3.700000,0.842763
3.710000,0.843547
3.720000,0.844327
3.730000,0.845104
3.740000,0.845876
3.750000,0.846645
3.760000,0.847410
3.770000,0.848171
3.780000,0.848928
3.790000,0.849682
3.800000,0.850431
3.810000,0.851177
3.820000,0.851920
3.830000,0.852658
3.840000,0.853393
3.850000,0.854124
3.860000,0.854852
3.870000,0.855576
3.880000,0.856296
3.890000,0.857013
3.900000,0.857726
3.910000,0.858436
3.920000,0.859142
3.930000,0.859844
3.940000,0.860543
3.950000,0.861239
3.960000,0.861931
3.970000,0.862619
3.980000,0.863305
3.990000,0.863986
4.000000,0.864665
4.010000,0.865340
4.020000,0.866011
4.030000,0.866680
4.040000,0.867345
4.050000,0.868006
4.060000,0.868664
4.070000,0.869320
4.080000,0.869971
4.090000,0.870620
4.100000,0.871265
4.110000,0.871907
4.120000,0.872546
4.130000,0.873182
4.140000,0.873814
4.150000,0.874444
4.160000,0.875070
4.170000,0.875693
4.180000,0.876313
4.190000,0.876930
4.200000,0.877544
4.210000,0.878154
4.220000,0.878762
4.230000,0.879367
4.240000,0.879968
4.250000,0.880567
4.260000,0.881163
4.270000,0.881755
4.280000,0.882345
4.290000,0.882932
4.300000,0.883516
4.310000,0.884097
4.320000,0.884675
4.330000,0.885250
4.340000,0.885822
4.350000,0.886392
4.360000,0.886958
4.370000,0.887522
4.380000,0.888083
4.390000,0.888641
4.400000,0.889197
4.410000,0.889749
4.420000,0.890299
4.430000,0.890846
4.440000,0.891391
4.450000,0.891933
4.460000,0.892472
4.470000,0.893008
4.480000,0.893541
4.490000,0.894072
4.500000,0.894601
4.510000,0.895126
4.520000,0.895650
4.530000,0.896170
4.540000,0.896688
4.550000,0.897203
4.560000,0.897716
4.570000,0.898226
4.580000,0.898734
4.590000,0.899239
4.600000,0.899741
4.610000,0.900241
4.620000,0.900739
4.630000,0.901234
4.640000,0.901726
4.650000,0.902217
4.660000,0.902704
4.670000,0.903190
4.680000,0.903672
4.690000,0.904153
4.700000,0.904631
4.710000,0.905106
4.720000,0.905580
4.730000,0.906051
4.740000,0.906519
4.750000,0.906986
4.760000,0.907449
4.770000,0.907911
4.780000,0.908370
4.790000,0.908827
4.800000,0.909282
4.810000,0.909735
4.820000,0.910185
4.830000,0.910633
4.840000,0.911078
4.850000,0.911522
4.860000,0.911963
4.870000,0.912402
4.880000,0.912839
4.890000,0.913274
4.900000,0.913706
4.910000,0.914137
4.920000,0.914565
4.930000,0.914991
4.940000,0.915415
4.950000,0.915837
4.960000,0.916257
4.970000,0.916674
4.980000,0.917090
4.990000,0.917504
5.000000,0.917915
5.010000,0.918324
5.020000,0.918732
5.030000,0.919137
5.040000,0.919540
5.050000,0.919942
5.060000,0.920341
5.070000,0.920738
5.080000,0.921134
5.090000,0.921527
5.100000,0.921918
5.110000,0.922308
5.120000,0.922695
5.130000,0.923081
5.140000,0.923464
5.150000,0.923846
5.160000,0.924226
5.170000,0.924604
5.180000,0.924980
5.190000,0.925354
5.200000,0.925726
5.210000,0.926097
5.220000,0.926465
5.230000,0.926832
5.240000,0.927197
5.250000,0.927560
5.260000,0.927922
5.270000,0.928281
5.280000,0.928639
5.290000,0.928995
5.300000,0.929349
5.310000,0.929701
5.320000,0.930052
5.330000,0.930401
5.340000,0.930748
5.350000,0.931093
5.360000,0.931437
5.370000,0.931779
5.380000,0.932119
5.390000,0.932458
5.400000,0.932794
5.410000,0.933130
5.420000,0.933463
5.430000,0.933795
5.440000,0.934125
5.450000,0.934454
5.460000,0.934781
5.470000,0.935106
5.480000,0.935430
5.490000,0.935752
5.500000,0.936072
5.510000,0.936391
5.520000,0.936708
5.530000,0.937024
5.540000,0.937338
5.550000,0.937651
5.560000,0.937961
5.570000,0.938271
5.580000,0.938579
5.590000,0.938885
5.600000,0.939190
5.610000,0.939493
5.620000,0.939795
5.630000,0.940095
5.640000,0.940394
5.650000,0.940691
5.660000,0.940987
5.670000,0.941281
5.680000,0.941574
5.690000,0.941866
5.700000,0.942156
5.710000,0.942444
5.720000,0.942731
5.730000,0.943017
5.740000,0.943301
5.750000,0.943584
5.760000,0.943865
5.770000,0.944145
5.780000,0.944424
5.790000,0.944701
5.800000,0.944977
5.810000,0.945251
5.820000,0.945524
5.830000,0.945796
5.840000,0.946066
5.850000,0.946335
5.860000,0.946603
5.870000,0.946869
5.880000,0.947134
5.890000,0.947398
5.900000,0.947660
5.910000,0.947921
5.920000,0.948181
5.930000,0.948440
5.940000,0.948697
5.950000,0.948953
5.960000,0.949207
5.970000,0.949460
5.980000,0.949713
5.990000,0.949963
6.000000,0.950213
6.010000,0.950461
6.020000,0.950708
6.030000,0.950954
6.040000,0.951199
6.050000,0.951442
6.060000,0.951684
6.070000,0.951925
6.080000,0.952165
6.090000,0.952404
6.100000,0.952641
6.110000,0.952877
6.120000,0.953112
6.130000,0.953346
6.140000,0.953579
6.150000,0.953810
6.160000,0.954041
6.170000,0.954270
6.180000,0.954498
6.190000,0.954725
6.200000,0.954951
6.210000,0.955175
6.220000,0.955399
6.230000,0.955621
6.240000,0.955843
6.250000,0.956063
6.260000,0.956282
6.270000,0.956500
6.280000,0.956717
6.290000,0.956933
6.300000,0.957148
6.310000,0.957362
6.320000,0.957574
6.330000,0.957786
6.340000,0.957996
6.350000,0.958206
6.360000,0.958414
6.370000,0.958622
6.380000,0.958828
6.390000,0.959033
6.400000,0.959238
6.410000,0.959441
6.420000,0.959643
6.430000,0.959845
6.440000,0.960045
6.450000,0.960244
6.460000,0.960443
6.470000,0.960640
6.480000,0.960836
6.490000,0.961031
6.500000,0.961226
6.510000,0.961419
6.520000,0.961612
6.530000,0.961803
6.540000,0.961994
6.550000,0.962183
6.560000,0.962372
6.570000,0.962559
6.580000,0.962746
6.590000,0.962932
6.600000,0.963117
6.610000,0.963301
6.620000,0.963484
6.630000,0.963666
6.640000,0.963847
6.650000,0.964027
6.660000,0.964207
6.670000,0.964385
6.680000,0.964563
6.690000,0.964740
6.700000,0.964916
6.710000,0.965091
6.720000,0.965265
6.730000,0.965438
6.740000,0.965610
6.750000,0.965782
6.760000,0.965953
6.770000,0.966122
6.780000,0.966291
6.790000,0.966459
6.800000,0.966627
6.810000,0.966793
6.820000,0.966959
6.830000,0.967124
6.840000,0.967288
6.850000,0.967451
6.860000,0.967613
6.870000,0.967775
6.880000,0.967935
6.890000,0.968095
6.900000,0.968254
6.910000,0.968413
6.920000,0.968570
6.930000,0.968727
6.940000,0.968883
6.950000,0.969038
6.960000,0.969193
6.970000,0.969346
6.980000,0.969499
6.990000,0.969651
7.000000,0.969803
7.010000,0.969953
7.020000,0.970103
7.030000,0.970252
7.040000,0.970401
7.050000,0.970548
7.060000,0.970695
7.070000,0.970841
7.080000,0.970987
7.090000,0.971131
7.100000,0.971275
7.110000,0.971419
7.120000,0.971561
7.130000,0.971703
7.140000,0.971844
7.150000,0.971985
7.160000,0.972124
7.170000,0.972263
7.180000,0.972402
7.190000,0.972539
7.200000,0.972676
7.210000,0.972813
7.220000,0.972948
7.230000,0.973083
7.240000,0.973217
7.250000,0.973351
7.260000,0.973484
7.270000,0.973616
7.280000,0.973748
7.290000,0.973879
7.300000,0.974009
7.310000,0.974139
7.320000,0.974268
7.330000,0.974396
7.340000,0.974524
7.350000,0.974651
7.360000,0.974777
7.370000,0.974903
7.380000,0.975028
7.390000,0.975153
7.400000,0.975277
7.410000,0.975400
7.420000,0.975523
7.430000,0.975645
7.440000,0.975766
7.450000,0.975887
7.460000,0.976007
7.470000,0.976127
7.480000,0.976246
7.490000,0.976364
7.500000,0.976482
7.510000,0.976600
7.520000,0.976716
7.530000,0.976833
7.540000,0.976948
7.550000,0.977063
7.560000,0.977177
7.570000,0.977291
7.580000,0.977405
7.590000,0.977517
7.600000,0.977629
7.610000,0.977741
7.620000,0.977852
7.630000,0.977962
7.640000,0.978072
7.650000,0.978182
7.660000,0.978291
7.670000,0.978399
7.680000,0.978507
7.690000,0.978614
7.700000,0.978720
7.710000,0.978827
7.720000,0.978932
7.730000,0.979037
7.740000,0.979142
7.750000,0.979246
7.760000,0.979349
7.770000,0.979452
7.780000,0.979555
7.790000,0.979657
7.800000,0.979758
7.810000,0.979859
7.820000,0.979960
7.830000,0.980060
7.840000,0.980159
7.850000,0.980258
7.860000,0.980357
7.870000,0.980455
7.880000,0.980552
7.890000,0.980649
7.900000,0.980746
7.910000,0.980842
7.920000,0.980937
7.930000,0.981032
7.940000,0.981127
7.950000,0.981221
7.960000,0.981315
7.970000,0.981408
7.980000,0.981501
7.990000,0.981593
8.000000,0.981685
8.010000,0.981776
8.020000,0.981867
8.030000,0.981957
8.040000,0.982047
8.050000,0.982137
8.060000,0.982226
8.070000,0.982315
8.080000,0.982403
8.090000,0.982491
8.100000,0.982578
8.110000,0.982665
8.120000,0.982751
8.130000,0.982838
8.140000,0.982923
8.150000,0.983008
8.160000,0.983093
8.170000,0.983177
8.180000,0.983261
8.190000,0.983345
8.200000,0.983428
8.210000,0.983511
8.220000,0.983593
8.230000,0.983675
8.240000,0.983756
8.250000,0.983837
8.260000,0.983918
8.270000,0.983998
8.280000,0.984078
8.290000,0.984157
8.300000,0.984236
8.310000,0.984315
8.320000,0.984393
8.330000,0.984471
8.340000,0.984549
8.350000,0.984626
8.360000,0.984702
8.370000,0.984779
8.380000,0.984855
8.390000,0.984930
8.400000,0.985005
8.410000,0.985080
8.420000,0.985155
8.430000,0.985229
8.440000,0.985302
8.450000,0.985376
8.460000,0.985449
8.470000,0.985521
8.480000,0.985594
8.490000,0.985665
8.500000,0.985737
8.510000,0.985808
8.520000,0.985879
8.530000,0.985949
8.540000,0.986020
8.550000,0.986089
8.560000,0.986159
8.570000,0.986228
8.580000,0.986297
8.590000,0.986365
8.600000,0.986433
8.610000,0.986501
8.620000,0.986568
8.630000,0.986635
8.640000,0.986702
8.650000,0.986768
8.660000,0.986834
8.670000,0.986900
8.680000,0.986965
8.690000,0.987030
8.700000,0.987095
8.710000,0.987160
8.720000,0.987224
8.730000,0.987287
8.740000,0.987351
8.750000,0.987414
8.760000,0.987477
8.770000,0.987539
8.780000,0.987602
8.790000,0.987664
8.800000,0.987725
8.810000,0.987786
8.820000,0.987847
8.830000,0.987908
8.840000,0.987969
8.850000,0.988029
8.860000,0.988088
8.870000,0.988148
8.880000,0.988207
8.890000,0.988266
8.900000,0.988325
8.910000,0.988383
8.920000,0.988441
8.930000,0.988499
8.940000,0.988556
8.950000,0.988613
8.960000,0.988670
8.970000,0.988727
8.980000,0.988783
8.990000,0.988839
9.000000,0.988895
9.010000,0.988950
9.020000,0.989006
9.030000,0.989061
9.040000,0.989115
9.050000,0.989170
9.060000,0.989224
9.070000,0.989278
9.080000,0.989331
9.090000,0.989385
9.100000,0.989438
9.110000,0.989490
9.120000,0.989543
9.130000,0.989595
9.140000,0.989647
9.150000,0.989699
9.160000,0.989751
9.170000,0.989802
9.180000,0.989853
9.190000,0.989904
9.200000,0.989954
9.210000,0.990004
9.220000,0.990055
9.230000,0.990104
9.240000,0.990154
9.250000,0.990203
9.260000,0.990252
9.270000,0.990301
9.280000,0.990349
9.290000,0.990398
9.300000,0.990446
9.310000,0.990494
9.320000,0.990541
9.330000,0.990589
9.340000,0.990636
9.350000,0.990683
9.360000,0.990730
9.370000,0.990776
9.380000,0.990822
9.390000,0.990868
9.400000,0.990914
9.410000,0.990960
9.420000,0.991005
9.430000,0.991050
9.440000,0.991095
9.450000,0.991140
9.460000,0.991184
9.470000,0.991228
9.480000,0.991272
9.490000,0.991316
9.500000,0.991360
9.510000,0.991403
9.520000,0.991446
9.530000,0.991489
9.540000,0.991532
9.550000,0.991575
9.560000,0.991617
9.570000,0.991659
9.580000,0.991701
9.590000,0.991743
9.600000,0.991784
9.610000,0.991826
9.620000,0.991867
9.630000,0.991908
9.640000,0.991949
9.650000,0.991989
9.660000,0.992029
9.670000,0.992070
9.680000,0.992110
9.690000,0.992149
9.700000,0.992189
9.710000,0.992228
9.720000,0.992268
9.730000,0.992307
9.740000,0.992345
9.750000,0.992384
9.760000,0.992423
9.770000,0.992461
9.780000,0.992499
9.790000,0.992537
9.800000,0.992575
9.810000,0.992612
9.820000,0.992650
9.830000,0.992687
9.840000,0.992724
9.850000,0.992761
9.860000,0.992797
9.870000,0.992834
9.880000,0.992870
9.890000,0.992906
9.900000,0.992942
9.910000,0.992978
9.920000,0.993014
9.930000,0.993050
9.940000,0.993085
9.950000,0.993120
9.960000,0.993155
9.970000,0.993190
9.980000,0.993225
9.990000,0.993259
10.000000,0.993294
